428092
310262
222959
428162
428102
428213
230850
428238
310382
428171
428264
222843
428212
428267
223028
428276
428174
428258
222869
310401
428256
428155
310259
51340
428344
428247
428234
222966
222914
51294
428345
428172
428224
310305
428081
222984
428272
428156
428127
428240
310309
310241
428204
310251
428370
428248
222990
428348
222951
223011
310311
428084
222866
428018
51301
428366
428053
428249
428369
428375
428269
428207
428176
428239
428137
428270
428093
428089
310333
428175
222878
428281
428282
230840
428124
310302
428289
428250
428246
428143
222864
222999
428066
223007
230856
51338
222898
222888
310243
428072
428236
428368
428182
310327
428154
222911
428177
310250
428136
310348
428261
222993
193924
222961
428252
223027
428076
193934
428279
428083
428082
428170
428104
230851
428144
310261
428206
310318
428179
222965
310299
51317
310245
428101
428181
428058
428190
51336
428163
428232
428280
230910
51306
222897
428262
428078
428159
428094
230842
428201
428192
428178
230881
428085
428283
223013
51311
428140
428077
230853
223038
310240
223021
193926
428220
428271
230836
428342
428008
223055
222868
222841
428164
310384
428109
193932
428371
428373
222962
223035
428374
428227
222842
222972
222895
310365
310359
428131
428372
428151
310307
428180
230816
310304
51337
222876
222998
428133
310402
230865
